wavelength flux
-1 1.34325,-1.33115
-1 1.82055,-0.634668
-1 0.986321,-1.88858
-1 1.94437,-1.63545
-1 0.976734,-1.35332
-1 1.94586,-2.04433
-1 2.10752,-2.12567
-1 2.07037,-2.46341
-1 0.86865,-2.41193
-1 1.80066,-2.77397
-1 3.12838,-3.44524
-1 3.09474,-3.64461
-1 2.90867,-4.0065
-1 2.67703,-3.01986
-1 2.74587,-2.71006
-1 4.17146,-3.46225
-1 3.93132,-2.1099
-1 4.37869,-2.38047
-1 4.80166,-3.38033
-1 4.1661,-2.81388
-1 2.46701,-1.61084
-1 3.48267,-1.55339
-1 3.36525,-1.81649
-1 2.87728,-1.85117
-1 3.10904,-1.63849
-1 2.21837,0.0742796
-1 1.99499,0.162687
-1 2.95003,0.016873
-1 2.0216,0.172274
-1 2.04869,-0.63581
-1 0.875486,-0.545862
-1 0.570799,-0.0332787
-1 1.42665,-0.752883
-1 0.722656,-0.866919
-1 0.953462,-1.4897
-1 4.83333,0.0701754
-1 4.30702,1.4152
-1 6.03216,0.450292
-1 5.41813,-2.7076
-1 3.45906,-2.82456
-1 2.72807,-0.923977
-1 1.00292,0.77193
-1 3.66374,-0.777778
-1 4.30702,-1.04094
-1 3.69298,-0.105263
-1 5.73977,-1.62573
-1 4.97953,-1.50877
-1 6.5,-2.91228
-1 5.24269,0.918129
-1 1.67544,0.567251
1 5.1709,1.21037
1 4.87952,1.60818
1 4.66499,1.06955
1 4.49343,1.23516
1 4.1513,0.867213
1 3.71771,1.15172
1 3.62245,1.31068
1 3.06069,1.48572
1 7.07185,-0.349617
1 6.03918,-0.247568
1 6.67475,-0.124848
1 6.84613,0.259772
1 6.42707,-0.147139
1 6.84561,1.4755
1 7.7054,1.60456
1 6.28707,2.41564
1 6.9811,1.25999
1 7.09902,2.21552
1 5.52755,0.299684
1 5.83035,-0.219744
1 6.35945,0.239442
1 6.10045,-0.0409574
1 5.62374,0.371359
1 5.8837,2.77682
1 5.57816,3.06829
1 7.00507,-0.257817
1 4.45381,0.839418
1 5.64959,1.30539
1 4.63375,1.94675
1 3.69868,2.25941
1 4.1193,2.54745
1 4.76656,2.75312
1 3.08121,2.79853
1 4.0731,-3.02924
1 3.4883,-1.88889
1 0.769006,1.21053
1 1.5,3.81287
1 5.79825,-2.09357
1 6.81145,-0.834567
1 7.11061,-1.02012
1 7.49415,-1.74269
1 3.13743,0.421053
1 1.67544,0.508772
1 2.49415,-0.865497
1 4.77485,0.0994152
1 5.82749,-0.690058
1 2.28947,1.97076
1 2.49415,1.4152
1 2.0848,1.35673
